Mean:   0.53604209881
Std:    0.29218416684
