Mean:   0.51414192011
Std:    0.28854495917
